9.000000	nan
8.000000	nan
8.000000	nan
9.000000	nan
8.000000	nan
6.000000	nan
8.000000	nan
3.000000	nan
10.000000	nan
8.000000	nan
10.000000	nan
8.000000	nan
9.000000	nan
8.000000	nan
8.000000	nan
10.000000	nan
10.000000	nan
7.000000	nan
10.000000	nan
8.000000	nan
11.000000	nan
8.000000	nan
12.000000	nan
8.000000	nan
9.000000	nan
10.000000	nan
10.000000	nan
10.000000	nan
10.000000	nan
6.000000	nan
9.000000	nan
8.000000	nan
12.000000	nan
10.000000	nan
10.000000	nan
12.000000	nan
8.000000	nan
10.000000	nan
8.000000	nan
10.000000	nan
10.000000	nan
8.000000	nan
6.000000	nan
8.000000	nan
12.000000	nan
8.000000	nan
7.000000	nan
6.000000	nan
8.000000	nan
10.000000	nan
8.000000	nan
9.000000	nan
10.000000	nan
8.000000	nan
10.000000	nan
8.000000	nan
8.000000	nan
4.000000	nan
10.000000	nan
10.000000	nan
10.000000	nan
9.000000	nan
9.000000	nan
10.000000	nan
9.000000	nan
9.000000	nan
9.000000	nan
8.000000	nan
6.000000	nan
9.000000	nan
8.000000	nan
9.000000	nan
10.000000	nan
8.000000	nan
8.000000	nan
7.000000	nan
6.000000	nan
10.000000	nan
8.000000	nan
8.000000	nan
7.000000	nan
8.000000	nan
7.000000	nan
10.000000	nan
8.000000	nan
9.000000	nan
7.000000	nan
10.000000	nan
8.000000	nan
10.000000	nan
10.000000	nan
8.000000	nan
8.000000	nan
7.000000	nan
6.000000	nan
7.000000	nan
8.000000	nan
9.000000	nan
8.000000	nan
10.000000	nan
8.000000	nan
11.000000	nan
12.000000	nan
10.000000	nan
7.000000	nan
11.000000	nan
8.000000	nan
6.000000	nan
9.000000	nan
9.000000	nan
8.000000	nan
6.000000	nan
11.000000	nan
7.000000	nan
9.000000	nan
8.000000	nan
10.000000	nan
8.000000	nan
10.000000	nan
8.000000	nan
8.000000	nan
7.000000	nan
6.000000	nan
6.000000	nan
9.000000	nan
8.000000	nan
8.000000	nan
8.000000	nan
8.000000	nan
8.000000	nan
6.000000	nan
6.000000	nan
8.000000	nan
6.000000	nan
10.000000	nan
11.000000	nan
7.000000	nan
10.000000	nan
7.000000	nan
8.000000	nan
8.000000	nan
8.000000	nan
9.000000	nan
10.000000	nan
8.000000	nan
9.000000	nan
10.000000	nan
8.000000	nan
8.000000	nan
8.000000	nan
11.000000	nan
9.000000	nan
12.000000	nan
6.000000	nan
10.000000	nan
6.000000	nan
9.000000	nan
10.000000	nan
9.000000	nan
10.000000	nan
6.000000	nan
7.000000	nan
8.000000	nan
10.000000	nan
8.000000	nan
10.000000	nan
7.000000	nan
8.000000	nan
8.000000	nan
10.000000	nan
10.000000	nan
9.000000	nan
10.000000	nan
8.000000	nan
8.000000	nan
6.000000	nan
7.000000	nan
7.000000	nan
8.000000	nan
7.000000	nan
6.000000	nan
8.000000	nan
12.000000	nan
10.000000	nan
9.000000	nan
9.000000	nan
8.000000	nan
9.000000	nan
9.000000	nan
7.000000	nan
8.000000	nan
9.000000	nan
7.000000	nan
8.000000	nan
8.000000	nan
9.000000	nan
8.000000	nan
6.000000	nan
9.000000	nan
9.000000	nan
8.000000	nan
10.000000	nan
10.000000	nan
10.000000	nan
9.000000	nan
9.000000	nan
9.000000	nan
10.000000	nan
7.000000	nan
9.000000	nan
8.000000	nan
10.000000	nan
10.000000	nan
7.000000	nan
9.000000	nan
9.000000	nan
10.000000	nan
8.000000	nan
8.000000	nan
8.000000	nan
9.000000	nan
8.000000	nan
6.000000	nan
6.000000	nan
8.000000	nan
8.000000	nan
9.000000	nan
8.000000	nan
8.000000	nan
9.000000	nan
10.000000	nan
12.000000	nan
10.000000	nan
8.000000	nan
8.000000	nan
11.000000	nan
8.000000	nan
11.000000	nan
8.000000	nan
9.000000	nan
6.000000	nan
9.000000	nan
8.000000	nan
10.000000	nan
7.000000	nan
4.000000	nan
8.000000	nan
9.000000	nan
9.000000	nan
10.000000	nan
8.000000	nan
9.000000	nan
9.000000	nan
8.000000	nan
8.000000	nan
8.000000	nan
4.000000	nan
9.000000	nan
8.000000	nan
11.000000	nan
8.000000	nan
8.000000	nan
10.000000	nan
8.000000	nan
8.000000	nan
9.000000	nan
7.000000	nan
10.000000	nan
9.000000	nan
8.000000	nan
8.000000	nan
7.000000	nan
11.000000	nan
9.000000	nan
8.000000	nan
9.000000	nan
7.000000	nan
8.000000	nan
5.000000	nan
11.000000	nan
6.000000	nan
9.000000	nan
8.000000	nan
8.000000	nan
8.000000	nan
10.000000	nan
8.000000	nan
12.000000	nan
8.000000	nan
8.000000	nan
8.000000	nan
9.000000	nan
8.000000	nan
9.000000	nan
10.000000	nan
8.000000	nan
8.000000	nan
6.000000	nan
4.000000	nan
8.000000	nan
7.000000	nan
8.000000	nan
9.000000	nan
8.000000	nan
8.000000	nan
7.000000	nan
11.000000	nan
9.000000	nan
9.000000	nan
11.000000	nan
8.000000	nan
8.000000	nan
8.000000	nan
10.000000	nan
8.000000	nan
8.000000	nan
11.000000	nan
8.000000	nan
11.000000	nan
8.000000	nan
9.000000	nan
8.000000	nan
9.000000	nan
10.000000	nan
6.000000	nan
5.000000	nan
7.000000	nan
8.000000	nan
10.000000	nan
9.000000	nan
11.000000	nan
9.000000	nan
10.000000	nan
8.000000	nan
8.000000	nan
9.000000	nan
6.000000	nan
8.000000	nan
7.000000	nan
10.000000	nan
8.000000	nan
8.000000	nan
8.000000	nan
8.000000	nan
8.000000	nan
8.000000	nan
9.000000	nan
8.000000	nan
9.000000	nan
