2.000000	2.612124
2.000000	2.061035
1.000000	1.372644
2.000000	1.701296
2.000000	1.600690
2.000000	1.589419
3.000000	2.163920
2.000000	2.569883
1.000000	1.353767
3.000000	2.958623
1.000000	1.336359
2.000000	1.058977
2.000000	2.112120
2.000000	2.677868
1.000000	1.747268
3.000000	3.067209
3.000000	3.054594
2.000000	1.581157
2.000000	1.877073
2.000000	2.036921
3.000000	2.177038
1.000000	0.995531
3.000000	2.093344
1.000000	1.582007
1.000000	1.379871
3.000000	2.809128
1.000000	1.109380
2.000000	2.405647
2.000000	1.384914
1.000000	1.890753
2.000000	0.801839
3.000000	2.169563
2.000000	2.466032
1.000000	1.119696
2.000000	2.603772
2.000000	1.614784
1.000000	1.720357
3.000000	2.886856
2.000000	2.212520
2.000000	1.983274
3.000000	2.535714
2.000000	1.456789
2.000000	2.269330
3.000000	2.893564
3.000000	2.383853
2.000000	1.390428
1.000000	1.912429
1.000000	1.548545
0.000000	0.867647
3.000000	2.611395
2.000000	2.076566
1.000000	1.723971
2.000000	1.021201
2.000000	2.409192
2.000000	2.197033
1.000000	1.244144
1.000000	2.665960
3.000000	2.946280
3.000000	1.214474
3.000000	2.691036
2.000000	1.979965
3.000000	2.783920
2.000000	2.137808
0.000000	1.245702
2.000000	1.599010
1.000000	1.308930
1.000000	1.073988
2.000000	1.930566
1.000000	1.306790
2.000000	2.254464
3.000000	2.608075
1.000000	0.696027
0.000000	0.564444
2.000000	1.679918
2.000000	2.118616
1.000000	0.975221
3.000000	3.020200
3.000000	2.750330
1.000000	1.226446
3.000000	2.794091
1.000000	1.568591
3.000000	2.283914
2.000000	1.971475
2.000000	2.115779
2.000000	1.429274
1.000000	1.198648
2.000000	1.330866
2.000000	1.654298
3.000000	2.372458
2.000000	1.278454
3.000000	2.633007
2.000000	2.804977
2.000000	2.487681
0.000000	0.983747
1.000000	1.193703
2.000000	2.347466
1.000000	1.669577
3.000000	2.737965
1.000000	1.001862
3.000000	2.791692
1.000000	1.911949
2.000000	2.537373
1.000000	0.994750
3.000000	2.774258
2.000000	1.411769
2.000000	1.720733
0.000000	0.985542
1.000000	1.966074
2.000000	1.883595
3.000000	2.830010
3.000000	2.025272
1.000000	1.248873
1.000000	1.069691
2.000000	1.522243
2.000000	1.611828
3.000000	2.095485
1.000000	0.870123
1.000000	1.400271
1.000000	1.667858
1.000000	1.571968
2.000000	1.893549
2.000000	1.995793
1.000000	1.170802
3.000000	2.303268
1.000000	2.382673
0.000000	1.359576
2.000000	1.660797
1.000000	2.799215
2.000000	1.831072
2.000000	1.924528
2.000000	2.530887
1.000000	2.402444
3.000000	1.146305
3.000000	2.117732
3.000000	2.442146
2.000000	1.413334
1.000000	0.987965
2.000000	2.578198
2.000000	1.991379
3.000000	2.641360
1.000000	1.140940
1.000000	0.930284
1.000000	1.215260
3.000000	1.665838
2.000000	2.395282
3.000000	2.501912
3.000000	2.296231
1.000000	1.209773
1.000000	0.963291
1.000000	2.893837
1.000000	1.182264
2.000000	2.081328
3.000000	2.647021
1.000000	1.285845
3.000000	3.037593
1.000000	0.905737
2.000000	1.448130
1.000000	1.541184
1.000000	1.443907
2.000000	2.394048
2.000000	1.753984
1.000000	1.254558
1.000000	1.637175
2.000000	2.177331
1.000000	1.553750
2.000000	1.777175
3.000000	2.827322
2.000000	1.461011
2.000000	1.211349
2.000000	1.789472
2.000000	1.315837
2.000000	1.269595
1.000000	1.319685
2.000000	2.782047
2.000000	2.056561
2.000000	1.653053
1.000000	1.998707
1.000000	1.681809
2.000000	1.472277
2.000000	2.587733
3.000000	2.397857
3.000000	2.508624
1.000000	1.199110
0.000000	1.102250
2.000000	2.211169
2.000000	1.975636
2.000000	1.323666
2.000000	2.104227
3.000000	1.980303
1.000000	1.356368
2.000000	1.683841
3.000000	2.611634
1.000000	2.830507
1.000000	1.212541
1.000000	1.192181
2.000000	2.136510
1.000000	1.444065
1.000000	1.779806
1.000000	1.385644
2.000000	2.100361
1.000000	1.453200
3.000000	2.828775
2.000000	1.704720
3.000000	3.113240
2.000000	1.765201
1.000000	1.143964
3.000000	2.562128
1.000000	1.635111
2.000000	1.617378
1.000000	1.747152
2.000000	2.099273
1.000000	0.996599
1.000000	1.235246
2.000000	2.053699
3.000000	1.534695
2.000000	1.317734
1.000000	0.994974
1.000000	1.237227
2.000000	2.004620
1.000000	0.971353
3.000000	2.102200
2.000000	2.125754
2.000000	1.414352
1.000000	1.324821
1.000000	2.172771
2.000000	2.368219
3.000000	2.242040
1.000000	1.405714
2.000000	1.551129
3.000000	2.439062
2.000000	2.982151
1.000000	0.850453
3.000000	2.542598
1.000000	1.065260
3.000000	2.847984
1.000000	1.433629
3.000000	2.482028
3.000000	2.563896
1.000000	1.192864
2.000000	1.722784
1.000000	1.029032
2.000000	2.095412
3.000000	2.815293
1.000000	1.761101
1.000000	1.538442
1.000000	1.825184
1.000000	1.102610
1.000000	1.214554
1.000000	1.899579
3.000000	2.716605
3.000000	2.152529
2.000000	1.624856
1.000000	1.580923
2.000000	1.965031
2.000000	1.760934
2.000000	1.608776
2.000000	2.147921
2.000000	1.053926
3.000000	2.453767
2.000000	1.954797
1.000000	2.595047
1.000000	1.337015
2.000000	2.312164
2.000000	2.022375
1.000000	1.190527
1.000000	1.169490
1.000000	1.436195
1.000000	1.167944
2.000000	1.882584
3.000000	2.683134
2.000000	2.392807
2.000000	1.712247
2.000000	1.695435
2.000000	2.521287
3.000000	2.868886
3.000000	3.196409
1.000000	1.138383
1.000000	1.639557
1.000000	1.631713
1.000000	0.831246
2.000000	1.492603
3.000000	2.826964
2.000000	1.451252
1.000000	1.671073
3.000000	1.925894
3.000000	3.006999
2.000000	1.195038
1.000000	1.240801
1.000000	1.806289
1.000000	1.723064
2.000000	2.095579
3.000000	2.977013
3.000000	2.615890
1.000000	1.359275
2.000000	2.498306
3.000000	2.641920
2.000000	2.297924
2.000000	1.104512
3.000000	1.978293
3.000000	2.949748
1.000000	1.622347
3.000000	2.527094
1.000000	1.422746
3.000000	2.471801
2.000000	2.284401
3.000000	1.981618
3.000000	0.942645
3.000000	2.524841
2.000000	2.710058
2.000000	1.676728
2.000000	2.660651
1.000000	1.291577
3.000000	3.062182
1.000000	1.400848
2.000000	2.279159
1.000000	2.176292
2.000000	2.912879
2.000000	1.876792
3.000000	0.610603
2.000000	2.062363
2.000000	1.653026
2.000000	1.826241
2.000000	1.858255
2.000000	2.026882
2.000000	2.025901
1.000000	1.447738
2.000000	1.923576
2.000000	1.769728
3.000000	2.644886
3.000000	2.474082
2.000000	1.357825
3.000000	2.875479
1.000000	1.462921
1.000000	1.724410
0.000000	0.753217
1.000000	1.217359
